39
2
155.6079835799365 32.34376688244227 1
-83.9881500471555 -502.9067922688283 1
85.19450213395525 -87.7988961415665 1
81.8090510095138 -55.34732093975094 1
54.361762069259804 -29.61109446074342 1
41.886548961696484 -56.247724674920974 1
-3.59458706873196 50.03712980848797 1
47.63486574467757 -91.30668920627647 1
245.96605366143635 419.2293839501245 1
51.212406905622245 72.78925948585265 3
102.79867392094967 80.93667835213184 3
68.27089057440593 54.541592457923514 3
91.9570576680926 100.0764732702877 3
105.3283538808579 -3.2197173620453317 3
76.33770717434946 10.439361172655081 3
111.86347485339031 -26.941598693783614 3
-81.90158251032513 -36.80963450077589 0
-108.47878689473464 -80.57099823321553 0
-106.0555324106094 17.554288288644862 0
-125.61756303373788 -50.285958976752845 0
-169.18519001497754 21.15215541001811 0
-131.9737675073697 6.417519987474681 0
-63.91194987372613 -105.21881985219868 0
-37.830896940492465 -60.26969903683624 0
-180.5432470404725 -427.6905587940288 0
-89.76132764164076 59.990627349745736 0
-78.9116534762443 26.7892764059585 0
113.02395046343489 36.9476483957717 0
-129.19682758451927 32.552041070312036 0
-26.888623960466802 7.7227590823251795 0
-69.90962375451382 0.27401082810389843 0
-70.22636618442154 -71.13283800585286 0
-110.82498848675135 -17.20456650637089 0
29.183849699731926 35.23905578193407 2
1.1235559091440723 126.41868162950004 2
124.03614193047818 458.02656030549394 2
-3.0546020942187306 -18.68693954741045 2
25.425013221930524 132.12920660008805 2
-24.124866707864438 -103.83310922258669 2
